3768646817 2541098841 42522952
657445332 493998363 293094466
3153469588 3947073749 287697992
2513829777 3047249136 215146452
968568929 29638292 96921246
1600806946 1111339724 96961929
3880726440 2687212715 52238929
416544049 1090614661 20725063
1749924539 4274983783 15782292
1306572576 1208301653 21184719
2134505230 4234771741 40212042
1697768875 0 29638292
3811169769 2617656044 69556671
487527141 787092829 169918191
3932965369 2583621793 34034251
178562138 1471396125 237981911
2728976229 3010972799 36276337
2174717272 3262395588 176952386
3035746039 1749924539 117723549
2794475974 2764473831 241270065
437269112 443740334 50258029
2790274753 4290766075 4201221
3441167580 3767315650 179758099
3966999620 3439347974 327967676
2351669658 2236446487 162160119
1585319642 1229486372 15487304
1327757295 186177987 257562347
2765252566 2739451644 25022187
950539798 1709378036 18029131
1765706831 1867648088 368798399
1199093816 1363917365 107478760
3763417914 3005743896 5228903
1065490175 957011020 133603641
3620925679 2398606606 142492235
59618449 1244973676 118943689
0 126559538 59618449