224631556 2579077346 68012835
93390978 2647090181 93292258
836334842 260175809 93895333
3305235739 4175688657 119278639
2495493200 354071142 67947352
2563440552 648390650 214063090
4184988573 4065709934 109978723
930230175 2740382439 151863620
2777503642 1813071562 114742417
3424514378 3772814840 292895094
1492090043 422018494 226372156
3717409472 3176683751 126763710
3273297 2243837725 90117681
1216313119 2511603925 67473421
4104753748 3096448926 80234825
2392410003 1112358810 103083197
759707869 2434976952 76626973
2031212648 2333955406 101021546
2132234194 0 260175809
1718462199 1931087276 312750449
186683236 1682505485 37948320
1174711552 1070757243 41601567
292644391 1215442007 467063478
3844173182 3512234274 260580566
1283786540 862453740 208303503
3096448926 3303447461 208786813
1082093795 1720453805 92617757
0 1927813979 3273297