1280158874 0 45923291
0 1431836695 234754481
2476778759 365219074 73714061
3997869725 4152785341 16553125
3014496893 3731980396 420804945
3435301838 2667516045 60128827
2784964719 2727644872 187996890
792043155 613341484 49447658
1444573280 2476024240 74468580
2728723659 3675739336 56241060
2704677524 4236229588 24046135
2360313001 1780050354 116465758
1326082165 226504189 118491115
3495430665 3630596320 3607732
1519041860 662789142 56785021
3973462947 3383860003 24406778
1575826881 45923291 119425025
1695251906 766775600 665061095
2667516045 3323175190 6512477
4240794960 3329687667 54172336
720792676 344995304 20223770
489053726 438933135 143852141
741016446 746305099 20470501
3499038397 4169338466 66891122
761486947 582785276 30556208
3565929519 3249598798 73576392
659636803 165348316 61155873
234754481 2221724995 254299245
2674028522 4260275723 30649002
841490813 1896516112 325208883
632905867 719574163 26730936
1166699696 1666591176 113459178
2972961609 3634204052 41535284
4195000071 3408266781 45794889
4190957500 4290924725 4042571
3639505911 2915641762 333957036
4014422850 3454061670 176534650