1908382071 0 48093237
1668173777 369927146 108464980
2454615458 3265918092 19222900
2948843885 2383489773 582426713
1291899323 304752282 65174864
4051886972 3793288156 243080324
2849120094 3285140992 99723791
2415628816 3186987107 38986642
724194709 716571124 379381363
1103576072 2070505932 18664072
3531270598 1602200086 102620550
4020906946 3755760878 30980026
1122240144 2285968817 97520956
2779959793 1533039785 69160301
1357074187 2089170004 196798813
1823337263 624772153 85044808
561911923 1433912547 99127238
2538151277 1095952487 222368482
1776638757 709816961 6754163
2248869517 1776958859 59989455
2760519759 48093237 3497277
3770981692 4278303020 16664276
3755760878 4263082206 15220814
2497298857 263899862 40852420
2473838358 1900103862 23460499
234010997 51590514 212309348
661039161 1836948314 63155548
0 1923564361 87630970
1219761100 1704820636 72138223
87630970 478392126 146380027
1956475308 3462247498 171643650
3787645968 3786740904 6547252
2764017036 2054563175 15942757
2171486802 3384864783 77382715
446320345 1318320969 115591578
1783392920 3225973749 39944343
2308858972 2965916486 106769844
1553873000 3072686330 114300777
3794193220 4036368480 226713726
2128118958 2011195331 43367844