2368177077 1928300684 68416280
3459327457 4032125413 181740227
2874128303 2996109939 93290692
40167335 1203835270 50270286
2984608918 3988581415 43543998
1295445723 891961544 129160430
232873619 72411133 344405432
4002859459 4225073350 66563582
3451555101 2874128303 4441992
3957368975 2950619455 45490484
4192270745 3148930063 6297777
1638782153 2125726715 498901151
3028152916 2912054150 38565305
577279051 1504061698 367203335
3418071246 2878570295 33483855
3897839543 3089400631 59529432
2967418995 3166056654 3449280
3641067684 3835626234 152955181
4147219041 3436688572 45051704
2436593357 1021121974 182713296
3066718221 3484273209 351353025
2647866375 1254105556 189577037
4198568522 3340289798 96398774
2619306653 39188438 21015758
2982075985 3481740276 2532933
4069423041 3155227840 10828814
2186332185 1443682593 52835141
90437621 678875874 142435998
980629741 2624627866 212815546
2239167326 1996716964 129009751
1424606153 571958210 106917664
0 1871265033 40167335
2980967789 4223965154 1108196
1619041805 450217426 19740348
1193445287 469957774 102000436
944482386 426277008 23940418
4080251855 3169505934 66967186
1548392133 821311872 70649672
1531523817 1911432368 16868316
2970868275 4213865640 10099514
3455997093 4291636932 3330364
2137683304 416816565 9460443
3794022865 3236473120 103816678
2147143747 0 39188438
2640322411 1496517734 7543964
968422804 60204196 12206937